

3
|	2
1


Gasharov Tableaux —
	 if j is immediately below  i then j - i \ge 2
	if j is to next right of i then  not (i - j \ge 2)

Inversions — inv(T) = #{ i < j where i is west of j}

123		0

213 	1

321		2

132		1

12		0
3

Marked Tableaux is a semi standard table of shape lambda with entries in {0, 1, 2, …, k}  for k in NN so that each a in [k] occurs at least twice, together with a mark on one occurrence of each a in [k].  The mark cannot be the left most a, and

the index of a marked a is the number of a’s left of the marked one.


000	0

011’	1 x 1,2

11’1	1

111’	2

01’	1 x
1


1 < 4, 1<3, 2< 4

1234	0

1243	1

2134	1

2143	2

3214	2

1324	1

1432	2

4321	3

123	1
4

132	2
4

124	1
3

213	1
4

12	1
34

21	2
43


0000	0

0011’	1 xx 2,2

011’1	1 y (1,3)

0111’	2 yy

11’22’	2 x

11’11	1

111’1	2

1111’	3

001’	1 xx
1

11’2’	2 x
2

01’1	1 y
1

011’	2 yy
1

00	1 xx.
11’

11’	2 x
22’



(3*h_3 + h_2,1)= 3s_3 + s_3 + s_2.1 = 4s_3 + s_2,1

4*e_4 + 2*e_3,1 + 2e_2,2 —>. 4h_4 + 2*h_3,1 + 2h_2,2 —> 8s_4 + 4s_3,1 + 2s_2,2

M_mu = \sum_lambda = K_lambd,mu V_lamda


1 < 3  1 < 4 1 < 5, 2 <4, 2<5, 3<5

00000		0	(5)

00011’		1	(3,2)

0011’1		1	(2,3)

00111’		2	(2,3)

011’11		1	(1,4)

0111’1		2	(1,4)

01111’		3	(1,4)

11’111		1	(5)

111’11		2	(5)

1111’1		3	(5)

11111’		4	(5)

011’22’	2	(1,2,2)

11’122’	2	(2,3)

111’22’	3	(3,2)

11’22’2	2	(2,3)

11’222’	3	(2,3)
+++++++++
0001’		1	(3,2)
1

001’1 		1	(2,3)
1

0011’ 		2	(2,3)
1

01’11		1	(1,4)
1

011’1		2	(1,4)
1

0111’		3	(1,4)
1

011’2’		2	(1,2,2)
2

01’22’		2	(1,2,2)
1

11’12’		2	(3,2)
2

111’2		3	(3,2)
2

11’2’2		2	(2,3)
2

11’22’		3	(2,3)
2
+++++++++
000		1	(3,2)
11’

001’		2	(2,3)
11

001		1	(2,3)
11’

011’		2	(1,2,2)
22’

01’2’		2	(1,2,2)
12

11’1		2 	(3,2)
22’

111’		3 	(3,2)
22’

11’2’		3  	(2,3)
22

11’2		2  	(2,3)
22’

+++++++++
01’ 		2 	(1,2,2)
12’
2

Mu = (2,2,1) lambda = (4,1)

1122
3

1123
2

Mu=(2,2,1) lambda=(3,2)

112
23
####################################################

[0, 0, 0, 0] 0 ([[0, 0, 0, 0]], [[1, 2, 3, 4]])	[1, 2, 3, 4] 0

#### M_(2,2) = S_(2,2) + S_(3,1) + S_(4)  ####
#### dim 6 = dim 2 + dim 3 + dim 1        ####
[0, 0, 1, 1] 1 ([[0, 0, 1, 1]], [[1, 2, 3, 4]])

[0, 1, 1, 0] 1 ([[0, 0, 1], [1]], [[1, 2, 3], [4]])
[0, 1, 0, 1] 1 ([[0, 0, 1], [1]], [[1, 2, 4], [3]])
[1, 0, 0, 1] 1 ([[0, 0, 1], [1]], [[1, 3, 4], [2]])

[1, 1, 0, 0] 1 ([[0, 0], [1, 1]], [[1, 2], [3, 4]])
[1, 0, 1, 0] 1 ([[0, 0], [1, 1]], [[1, 3], [2, 4]])
####																			####

#### M_(3,1)  = S_(3,1) + S_(4)		####
#### dim 4 = dim 3 + dim 1	####
[0, 1, 1, 1] 1 ([[0, 1, 1, 1]], [[1, 2, 3, 4]])

[1, 1, 1, 0] 1 ([[0, 1, 1], [1]], [[1, 2, 3], [4]])
[1, 1, 0, 1] 1 ([[0, 1, 1], [1]], [[1, 2, 4], [3]])
[1, 0, 1, 1] 1 ([[0, 1, 1], [1]], [[1, 3, 4], [2]])



[0, 1, 1, 1] 2 ([[0, 1, 1, 1]], [[1, 2, 3, 4]])

[1, 1, 1, 0] 2 ([[0, 1, 1], [1]], [[1, 2, 3], [4]])
[1, 1, 0, 1] 2 ([[0, 1, 1], [1]], [[1, 2, 4], [3]])
[1, 0, 1, 1] 2 ([[0, 1, 1], [1]], [[1, 3, 4], [2]])
##################################################

#### M_(4) = S_(4) ####
[1, 1, 1, 1] 1 ([[1, 1, 1, 1]], [[1, 2, 3, 4]])
[1, 1, 1, 1] 2 ([[1, 1, 1, 1]], [[1, 2, 3, 4]])
[1, 1, 1, 1] 3 ([[1, 1, 1, 1]], [[1, 2, 3, 4]])  | [4, 3, 2, 1] 3

#### M_(2,2) = S_(2,2) + S_(3,1) + S_(4)  ####
#### dim 6 = dim 2 + dim 3 + dim 1        ####
[1, 1, 2, 2] 2 ([[1, 1, 2, 2]], [[1, 2, 3, 4]])

[1, 2, 2, 1] 2 ([[1, 1, 2], [2]], [[1, 2, 3], [4]])
[1, 2, 1, 2] 2 ([[1, 1, 2], [2]], [[1, 2, 4], [3]])
[2, 1, 1, 2] 2 ([[1, 1, 2], [2]], [[1, 3, 4], [2]])


[2, 2, 1, 1] 2 ([[1, 1], [2, 2]], [[1, 2], [3, 4]])
[2, 1, 2, 1] 2 ([[1, 1], [2, 2]], [[1, 3], [2, 4]])


###################################################

#### M_(1,1,1,1) = \sum f_\lambda S_\lambda
[1, 2, 3, 4] 0 ([[1, 2, 3, 4]], [[1, 2, 3, 4]])

###
[1, 3, 2, 4] 1 ([[1, 2, 4], [3]], [[1, 2, 4], [3]])
[1, 3, 4, 2] 1 ([[1, 2, 4], [3]], [[1, 2, 3], [4]])

[1, 2, 4, 3] 1 ([[1, 2, 3], [4]], [[1, 2, 3], [4]])
[1, 4, 2, 3] 1 ([[1, 2, 3], [4]], [[1, 2, 4], [3]])

[2, 1, 3, 4] 1 ([[1, 3, 4], [2]], [[1, 3, 4], [2]])
[2, 3, 1, 4] 1 ([[1, 3, 4], [2]], [[1, 2, 4], [3]])
[2, 3, 4, 1] 1 ([[1, 3, 4], [2]], [[1, 2, 3], [4]])

[3, 1, 2, 4] 1 ([[1, 2, 4], [3]], [[1, 3, 4], [2]])
[4, 1, 2, 3] 1 ([[1, 2, 3], [4]], [[1, 3, 4], [2]])

###
[2, 1, 4, 3] 2 ([[1, 3], [2, 4]], [[1, 3], [2, 4]])

[2, 4, 1, 3] 1 ([[1, 3], [2, 4]], [[1, 2], [3, 4]])
[3, 4, 1, 2] 1 ([[1, 2], [3, 4]], [[1, 2], [3, 4]])
[3, 1, 4, 2] 2 ([[1, 2], [3, 4]], [[1, 3], [2, 4]])
###


[1, 4, 3, 2] 2 ([[1, 2], [3], [4]], [[1, 2], [3], [4]])
[4, 3, 1, 2] 2 ([[1, 2], [3], [4]], [[1, 4], [2], [3]])
[4, 1, 3, 2] 2 ([[1, 2], [3], [4]], [[1, 3], [2], [4]])

[4, 2, 1, 3] 2 ([[1, 3], [2], [4]], [[1, 4], [2], [3]])
[4, 2, 3, 1] 2 ([[1, 3], [2], [4]], [[1, 3], [2], [4]])
[2, 4, 3, 1] 2 ([[1, 3], [2], [4]], [[1, 2], [3], [4]])


[3, 2, 1, 4] 2 ([[1, 4], [2], [3]], [[1, 4], [2], [3]])
[3, 2, 4, 1] 2 ([[1, 4], [2], [3]], [[1, 3], [2], [4]])
[3, 4, 2, 1] 2 ([[1, 4], [2], [3]], [[1, 2], [3], [4]])

###
[4, 3, 2, 1] 3 ([[1], [2], [3], [4]], [[1], [2], [3], [4]])




###################################################

[1, 2, 3] 0
[1, 3, 2] 1
[2, 1, 3] 1
[2, 3, 1] 1
[3, 1, 2] 1
[3, 2, 1] 2


[1, 2, 3] ([[1], [2], [3]], [[1], [2], [3]])
[1, 3, 2] ([[1], [3], [2]], [[1], [2], [3]])
[2, 1, 3] ([[2], [1], [3]], [[1], [2], [3]])
[2, 3, 1] ([[1, 3], [2]], [[1, 2], [3]])
[3, 1, 2] ([[1, 3], [2]], [[1, 3], [2]])
[3, 2, 1] ([[3], [2], [1]], [[1], [2], [3]])

+++++++++++++++++++++++++++++++++++++++++++++++

[0, 0, 0, 0] 0 ([[0, 0, 0, 0]], [[1, 2, 3, 4]])*

[0, 0, 1, 1] 1 ([[0, 0, 1, 1]], [[1, 2, 3, 4]])*
[0, 1, 1, 1] 1 ([[0, 1, 1, 1]], [[1, 2, 3, 4]])*
[1, 1, 1, 1] 1 ([[1, 1, 1, 1]], [[1, 2, 3, 4]])*

[0, 1, 1, 1] 2 ([[0, 1, 1, 1]], [[1, 2, 3, 4]])*
[1, 1, 1, 1] 2 ([[1, 1, 1, 1]], [[1, 2, 3, 4]])*
[1, 1, 2, 2] 2 ([[1, 1, 2, 2]], [[1, 2, 3, 4]])*

[1, 1, 1, 1] 3 ([[1, 1, 1, 1]], [[1, 2, 3, 4]])*


[0, 1, 1, 0] 1 ([[0, 0, 1], [1]], [[1, 2, 3], [4]])*
[0, 1, 0, 1] 1 ([[0, 0, 1], [1]], [[1, 2, 4], [3]])
[1, 0, 0, 1] 1 ([[0, 0, 1], [1]], [[1, 3, 4], [2]])

[1, 1, 0, 1] 2 ([[0, 1, 1], [1]], [[1, 2, 4], [3]])
[1, 0, 1, 1] 2 ([[0, 1, 1], [1]], [[1, 3, 4], [2]])
[1, 1, 1, 0] 2 ([[0, 1, 1], [1]], [[1, 2, 3], [4]])*

[1, 1, 1, 0] 1 ([[0, 1, 1], [1]], [[1, 2, 3], [4]])*
[1, 1, 0, 1] 1 ([[0, 1, 1], [1]], [[1, 2, 4], [3]])
[1, 0, 1, 1] 1 ([[0, 1, 1], [1]], [[1, 3, 4], [2]])


[1, 2, 1, 2] 2 ([[1, 1, 2], [2]], [[1, 2, 4], [3]])
[2, 1, 1, 2] 2 ([[1, 1, 2], [2]], [[1, 3, 4], [2]])
[1, 2, 2, 1] 2 ([[1, 1, 2], [2]], [[1, 2, 3], [4]])*


[1, 1, 0, 0] 1 ([[0, 0], [1, 1]], [[1, 2], [3, 4]])*
[1, 0, 1, 0] 1 ([[0, 0], [1, 1]], [[1, 3], [2, 4]])


[2, 2, 1, 1] 2 ([[1, 1], [2, 2]], [[1, 2], [3, 4]])*
[2, 1, 2, 1] 2 ([[1, 1], [2, 2]], [[1, 3], [2, 4]])




++++++++++++++++++++++++++++++++++++++++++++++++++++

SWW does not respect descents

[1, 2, 3, 4] 0 ([[4, 3, 2, 1]], [[1, 2, 3, 4]])*

[4, 1, 2, 3] 1 ([[3, 2, 1, 4]], [[1, 2, 3, 4]])*
[2, 3, 4, 1] 1 ([[1, 4, 3, 2]], [[1, 2, 3, 4]])*
[3, 4, 1, 2] 1 ([[2, 1, 4, 3]], [[1, 2, 3, 4]])*

[3, 4, 2, 1] 2 ([[1, 2, 4, 3]], [[1, 2, 3, 4]])*
[4, 2, 3, 1] 2 ([[1, 3, 2, 4]], [[1, 2, 3, 4]])*
[4, 3, 1, 2] 2 ([[2, 1, 3, 4]], [[1, 2, 3, 4]])*

[4, 3, 2, 1] 3 ([[1, 2, 3, 4]], [[1, 2, 3, 4]])*

[1, 3, 2, 4] 1 ([[1, 3, 2], [4]], [[1, 3, 4], [2]])
[1, 3, 4, 2] 1 ([[2, 1, 3], [4]], [[1, 3, 4], [2]])
[2, 3, 1, 4] 1 ([[1, 3, 2], [4]], [[1, 2, 3], [4]])*
[3, 1, 2, 4] 1 ([[2, 1, 3], [4]], [[1, 2, 3], [4]])*
[2, 1, 3, 4] 1 ([[1, 3, 2], [4]], [[1, 2, 4], [3]])

[2, 4, 3, 1] 2 ([[1, 2, 3], [4]], [[1, 3, 4], [2]])
[1, 4, 3, 2] 2 ([[1, 2, 4], [3]], [[1, 3, 4], [2]])
[3, 1, 4, 2] 2 ([[2, 1, 3], [4]], [[1, 2, 4], [3]])
[3, 2, 4, 1] 2 ([[1, 2, 3], [4]], [[1, 2, 4], [3]])
[4, 1, 3, 2] 2 ([[1, 2, 4], [3]], [[1, 2, 4], [3]])
[3, 2, 1, 4] 2 ([[1, 2, 3], [4]], [[1, 2, 3], [4]])*
[4, 2, 1, 3] 2 ([[1, 2, 4], [3]], [[1, 2, 3], [4]])*


[1, 4, 2, 3] 1 ([[2, 1], [4, 3]], [[1, 3], [2, 4]])
[1, 2, 4, 3] 1 ([[2, 1], [4, 3]], [[1, 2], [3, 4]])*
[2, 4, 1, 3] 1 ([[1, 2], [3, 4]], [[1, 3], [2, 4]])
[2, 1, 4, 3] 2 ([[1, 2], [3, 4]], [[1, 2], [3, 4]])*


p_n,3

i <_p j if j - i > 2

2	3	4	4		3	4	4	4		4	3	2		3	4	5	5	5
x x x x 	x	x	x	x		1				1 < 4  1 < 5
x x x x		x	x	x	x						2 < 5
0	x	x	x		x	x	x	x						1 || 2, 3
0	0	x	x		0	x	x	x						2 || 1, 3, 4
														3 || 1, 2, 4, 5


[1, 2, 3] ([[1, 2, 3]], [[1, 2, 3]])         ([[1, 2, 3]], [[1, 2, 3]]) [1, 2, 3]     ([0, 0, 0], {0: 0})       ([[0, 0, 0]], [[1, 2, 3]])
[1, 3, 2] ([[1, 2], [3]], [[1, 2], [3]])     ([[1, 3, 2]], [[1, 2, 3]]) [2, 1, 3]     ([1, 1, 0], {0: 0, 1: 1}) ([[0, 1], [1]], [[1, 2], [3]])
[2, 1, 3] ([[1, 3], [2]], [[1, 3], [2]])     ([[2, 1, 3]], [[1, 2, 3]]) [1, 3, 2]     ([0, 1, 1], {0: 0, 1: 1}) ([[0, 1, 1]], [[1, 2, 3]])
[2, 3, 1] ([[1, 3], [2]], [[1, 2], [3]])     ([[1, 2], [3]], [[1, 3], [2]]) [3, 2, 1] ([1, 0, 1], {0: 0, 1: 1}) ([[0, 1], [1]], [[1, 3], [2]])
[3, 1, 2] ([[1, 2], [3]], [[1, 3], [2]])     ([[1, 2], [3]], [[1, 2], [3]]) [3, 1, 2] ([1, 1, 1], {0: 0, 1: 1}) ([[1, 1, 1]], [[1, 2, 3]])
[3, 2, 1] ([[1], [2], [3]], [[1], [2], [3]]) ([[3, 2, 1]], [[1, 2, 3]]) [2, 3, 1]     ([1, 1, 1], {0: 0, 1: 2}) ([[1, 1, 1]], [[1, 2, 3]])


[1, 2, 3, 4] ([[1, 2, 3, 4]], [[1, 2, 3, 4]]) [1, 2, 3, 4] ([0, 0, 0, 0], {0: 0}) ([[0, 0, 0, 0]], [[1, 2, 3, 4]])
[1, 2, 4, 3] ([[1, 2, 3], [4]], [[1, 2, 3], [4]]) [2, 1, 3, 4] ([1, 1, 0, 0], {0: 0, 1: 1}) ([[0, 0], [1, 1]], [[1, 2], [3, 4]])
[1, 3, 2, 4] ([[1, 2, 4], [3]], [[1, 2, 4], [3]]) [1, 3, 2, 4] ([0, 1, 1, 0], {0: 0, 1: 1}) ([[0, 0, 1], [1]], [[1, 2, 3], [4]])
[1, 3, 4, 2] ([[1, 2, 4], [3]], [[1, 2, 3], [4]]) [3, 2, 1, 4] ([1, 0, 1, 0], {0: 0, 1: 1}) ([[0, 0], [1, 1]], [[1, 3], [2, 4]])
[1, 4, 2, 3] ([[1, 2, 3], [4]], [[1, 2, 4], [3]]) [3, 1, 2, 4] ([1, 1, 1, 0], {0: 0, 1: 1}) ([[0, 1, 1], [1]], [[1, 2, 3], [4]])
[1, 4, 3, 2] ([[1, 2], [3], [4]], [[1, 2], [3], [4]]) [2, 3, 1, 4] ([1, 1, 1, 0], {0: 0, 1: 2}) ([[0, 1, 1], [1]], [[1, 2, 3], [4]])
[2, 1, 3, 4] ([[1, 3, 4], [2]], [[1, 3, 4], [2]]) [1, 2, 4, 3] ([0, 0, 1, 1], {0: 0, 1: 1}) ([[0, 0, 1, 1]], [[1, 2, 3, 4]])
[2, 1, 4, 3] ([[1, 3], [2, 4]], [[1, 3], [2, 4]]) [2, 1, 4, 3] ([2, 2, 1, 1], {0: 0, 1: 1, 2: 1}) ([[1, 1], [2, 2]], [[1, 2], [3, 4]])
[2, 3, 1, 4] ([[1, 3, 4], [2]], [[1, 2, 4], [3]]) [1, 4, 3, 2] ([0, 1, 0, 1], {0: 0, 1: 1}) ([[0, 0, 1], [1]], [[1, 2, 4], [3]])
[2, 3, 4, 1] ([[1, 3, 4], [2]], [[1, 2, 3], [4]]) [4, 2, 3, 1] ([1, 0, 0, 1], {0: 0, 1: 1}) ([[0, 0, 1], [1]], [[1, 3, 4], [2]])
[2, 4, 1, 3] ([[1, 3], [2, 4]], [[1, 2], [3, 4]]) [4, 1, 3, 2] ([1, 1, 0, 1], {0: 0, 1: 1}) ([[0, 1, 1], [1]], [[1, 2, 4], [3]])
[2, 4, 3, 1] ([[1, 3], [2], [4]], [[1, 2], [3], [4]]) [2, 4, 3, 1] ([1, 1, 0, 1], {0: 0, 1: 2}) ([[0, 1, 1], [1]], [[1, 2, 4], [3]])
[3, 1, 2, 4] ([[1, 2, 4], [3]], [[1, 3, 4], [2]]) [1, 4, 2, 3] ([0, 1, 1, 1], {0: 0, 1: 1}) ([[0, 1, 1, 1]], [[1, 2, 3, 4]])
[3, 1, 4, 2] ([[1, 2], [3, 4]], [[1, 3], [2, 4]]) [3, 4, 1, 2] ([2, 1, 2, 1], {0: 0, 1: 1, 2: 1}) ([[1, 1], [2, 2]], [[1, 3], [2, 4]])
[3, 2, 1, 4] ([[1, 4], [2], [3]], [[1, 4], [2], [3]]) [1, 3, 4, 2] ([0, 1, 1, 1], {0: 0, 1: 2}) ([[0, 1, 1, 1]], [[1, 2, 3, 4]])
[3, 2, 4, 1] ([[1, 4], [2], [3]], [[1, 3], [2], [4]]) [4, 3, 2, 1] ([1, 2, 2, 1], {0: 0, 1: 1, 2: 1}) ([[1, 1, 2], [2]], [[1, 2, 3], [4]])
[3, 4, 1, 2] ([[1, 2], [3, 4]], [[1, 2], [3, 4]]) [4, 2, 1, 3] ([1, 0, 1, 1], {0: 0, 1: 1}) ([[0, 1, 1], [1]], [[1, 3, 4], [2]])
[3, 4, 2, 1] ([[1, 4], [2], [3]], [[1, 2], [3], [4]]) [3, 2, 4, 1] ([1, 0, 1, 1], {0: 0, 1: 2}) ([[0, 1, 1], [1]], [[1, 3, 4], [2]])
[4, 1, 2, 3] ([[1, 2, 3], [4]], [[1, 3, 4], [2]]) [4, 1, 2, 3] ([1, 1, 1, 1], {0: 0, 1: 1}) ([[1, 1, 1, 1]], [[1, 2, 3, 4]])
[4, 1, 3, 2] ([[1, 2], [3], [4]], [[1, 3], [2], [4]]) [4, 3, 1, 2] ([2, 1, 1, 2], {0: 0, 1: 1, 2: 1}) ([[1, 1, 2], [2]], [[1, 3, 4], [2]])
[4, 2, 1, 3] ([[1, 3], [2], [4]], [[1, 4], [2], [3]]) [3, 1, 4, 2] ([1, 1, 2, 2], {0: 0, 1: 1, 2: 1}) ([[1, 1, 2, 2]], [[1, 2, 3, 4]])
[4, 2, 3, 1] ([[1, 3], [2], [4]], [[1, 3], [2], [4]]) [3, 4, 2, 1] ([1, 2, 1, 2], {0: 0, 1: 1, 2: 1}) ([[1, 1, 2], [2]], [[1, 2, 4], [3]])
[4, 3, 1, 2] ([[1, 2], [3], [4]], [[1, 4], [2], [3]]) [2, 4, 1, 3] ([1, 1, 1, 1], {0: 0, 1: 2}) ([[1, 1, 1, 1]], [[1, 2, 3, 4]])
[4, 3, 2, 1] ([[1], [2], [3], [4]], [[1], [2], [3], [4]]) [2, 3, 4, 1] ([1, 1, 1, 1], {0: 0, 1: 3}) ([[1, 1, 1, 1]], [[1, 2, 3, 4]])


[1, 2, 3] ([0, 0, 0], {0: 0}) ([[0, 0, 0]], [[1, 2, 3]])
[1, 3, 2] ([1, 1, 0], {0: 0, 1: 1}) ([[0, 1], [1]], [[1, 2], [3]])
[2, 1, 3] ([0, 1, 1], {0: 0, 1: 1}) ([[0, 1, 1]], [[1, 2, 3]])
	[2, 3, 1] ([1, 0, 1], {0: 0, 1: 1}) ([[0, 1], [1]], [[1, 3], [2]])
[3, 1, 2] ([1, 1, 1], {0: 0, 1: 1}) ([[1, 1, 1]], [[1, 2, 3]])
[3, 2, 1] ([1, 1, 1], {0: 0, 1: 2}) ([[1, 1, 1]], [[1, 2, 3]])

[1, 2, 3, 4] ([0, 0, 0, 0], {0: 0}) ([[0, 0, 0, 0]], [[1, 2, 3, 4]])
[1, 2, 4, 3] ([1, 1, 0, 0], {0: 0, 1: 1}) ([[0, 0], [1, 1]], [[1, 2], [3, 4]])
[1, 3, 2, 4] ([0, 1, 1, 0], {0: 0, 1: 1}) ([[0, 0, 1], [1]], [[1, 2, 3], [4]])
	[1, 3, 4, 2] ([1, 0, 1, 0], {0: 0, 1: 1}) ([[0, 0], [1, 1]], [[1, 3], [2, 4]])
[1, 4, 2, 3] ([1, 1, 1, 0], {0: 0, 1: 1}) ([[0, 1, 1], [1]], [[1, 2, 3], [4]])
[1, 4, 3, 2] ([1, 1, 1, 0], {0: 0, 1: 2}) ([[0, 1, 1], [1]], [[1, 2, 3], [4]])
[2, 1, 3, 4] ([0, 0, 1, 1], {0: 0, 1: 1}) ([[0, 0, 1, 1]], [[1, 2, 3, 4]])
[2, 1, 4, 3] ([2, 2, 1, 1], {0: 0, 1: 1, 2: 1}) ([[1, 1], [2, 2]], [[1, 2], [3, 4]])
	[2, 3, 1, 4] ([0, 1, 0, 1], {0: 0, 1: 1}) ([[0, 0, 1], [1]], [[1, 2, 4], [3]])
	[2, 3, 4, 1] ([1, 0, 0, 1], {0: 0, 1: 1}) ([[0, 0, 1], [1]], [[1, 3, 4], [2]])
	[2, 4, 1, 3] ([1, 1, 0, 1], {0: 0, 1: 1}) ([[0, 1, 1], [1]], [[1, 2, 4], [3]])
	[2, 4, 3, 1] ([1, 1, 0, 1], {0: 0, 1: 2}) ([[0, 1, 1], [1]], [[1, 2, 4], [3]])
[3, 1, 2, 4] ([0, 1, 1, 1], {0: 0, 1: 1}) ([[0, 1, 1, 1]], [[1, 2, 3, 4]])
	[3, 1, 4, 2] ([2, 1, 2, 1], {0: 0, 1: 1, 2: 1}) ([[1, 1], [2, 2]], [[1, 3], [2, 4]])
[3, 2, 1, 4] ([0, 1, 1, 1], {0: 0, 1: 2}) ([[0, 1, 1, 1]], [[1, 2, 3, 4]])
[3, 2, 4, 1] ([1, 2, 2, 1], {0: 0, 1: 1, 2: 1}) ([[1, 1, 2], [2]], [[1, 2, 3], [4]])
	[3, 4, 1, 2] ([1, 0, 1, 1], {0: 0, 1: 1}) ([[0, 1, 1], [1]], [[1, 3, 4], [2]])
	[3, 4, 2, 1] ([1, 0, 1, 1], {0: 0, 1: 2}) ([[0, 1, 1], [1]], [[1, 3, 4], [2]])
	[4, 1, 2, 3] ([1, 1, 1, 1], {0: 0, 1: 1}) ([[1, 1, 1, 1]], [[1, 2, 3, 4]])
	[4, 1, 3, 2] ([2, 1, 1, 2], {0: 0, 1: 1, 2: 1}) ([[1, 1, 2], [2]], [[1, 3, 4], [2]])
[4, 2, 1, 3] ([1, 1, 2, 2], {0: 0, 1: 1, 2: 1}) ([[1, 1, 2, 2]], [[1, 2, 3, 4]])
	[4, 2, 3, 1] ([1, 2, 1, 2], {0: 0, 1: 1, 2: 1}) ([[1, 1, 2], [2]], [[1, 2, 4], [3]])
[4, 3, 1, 2] ([1, 1, 1, 1], {0: 0, 1: 2}) ([[1, 1, 1, 1]], [[1, 2, 3, 4]])
[4, 3, 2, 1] ([1, 1, 1, 1], {0: 0, 1: 3}) ([[1, 1, 1, 1]], [[1, 2, 3, 4]])
